0 0.1

Cumulative Rewards: -915.0000 -915.0000 -745.0000 -890.0000 -885.0000 -875.0000 -635.0000 -840.0000 -835.0000 -450.0000 -710.0000 -695.0000 -1660.0000 -755.0000 -1680.0000 -880.0000 -840.0000 -765.0000 -935.0000 -905.0000 -805.0000 -795.0000 -720.0000 -1670.0000 -650.0000 -505.0000 -705.0000 -390.0000 -210.0000 -765.0000 -775.0000 -805.0000 -590.0000 -605.0000 -665.0000 -1470.0000 -865.0000 -1840.0000 -945.0000 -620.0000 -590.0000 -825.0000 -945.0000 -785.0000 -890.0000 -1400.0000 -610.0000 -680.0000 -690.0000 -665.0000 -560.0000 -670.0000 -780.0000 -545.0000 -840.0000 -890.0000 -890.0000 -885.0000 -335.0000 -890.0000 -455.0000 -550.0000 -785.0000 -820.0000 -715.0000 -835.0000 -635.0000 -1810.0000 -910.0000 -150.0000 -960.0000 -800.0000 -310.0000 -490.0000 -840.0000 -895.0000 -740.0000 -545.0000 -900.0000 -795.0000 -710.0000 -575.0000 -910.0000 -765.0000 -935.0000 -970.0000 -830.0000 -1620.0000 -765.0000 -710.0000 -855.0000 -810.0000 -785.0000 -840.0000 -440.0000 -775.0000 -870.0000 -970.0000 -650.0000 -390.0000
Fires Put Out: 7 2 3 3 5 5 2 7 3 5 4 4 0 3 0 3 4 2 4 2 4 4 7 0 4 4 3 3 2 4 1 2 6 2 6 0 1 0 1 2 4 2 3 4 2 0 4 1 2 3 3 3 3 2 4 4 3 2 2 6 2 4 3 1 1 2 2 0 3 3 3 3 3 4 4 5 1 2 2 3 4 6 6 4 5 4 4 0 2 3 5 3 4 2 2 2 5 5 2 3

0.1 0.1

Cumulative Rewards: -80.0000 -115.0000 -40.0000 660.0000 -1000.0000 -1890.0000 215.0000 -175.0000 -150.0000 670.0000 -25.0000 650.0000 725.0000 -225.0000 -55.0000 -110.0000 245.0000 740.0000 20.0000 -5.0000 -930.0000 -100.0000 10.0000 -225.0000 -75.0000 705.0000 -120.0000 -40.0000 740.0000 -40.0000 780.0000 -130.0000 -135.0000 -465.0000 -125.0000 -95.0000 95.0000 -950.0000 -945.0000 165.0000 675.0000 -45.0000 -100.0000 -75.0000 -915.0000 -55.0000 495.0000 745.0000 -50.0000 680.0000 145.0000 5.0000 685.0000 30.0000 -90.0000 -985.0000 -985.0000 -900.0000 1395.0000 -200.0000 750.0000 670.0000 -955.0000 550.0000 25.0000 -20.0000 340.0000 -170.0000 -920.0000 5.0000 -945.0000 -70.0000 840.0000 640.0000 -985.0000 -90.0000 550.0000 795.0000 -915.0000 -35.0000 -30.0000 50.0000 -220.0000 110.0000 -165.0000 -1000.0000 -135.0000 620.0000 -135.0000 -40.0000 -50.0000 685.0000 20.0000 -45.0000 715.0000 -85.0000 -305.0000 -980.0000 0.0000 745.0000
Fires Put Out: 9 4 9 9 5 0 4 7 6 9 8 8 6 6 5 7 8 7 5 3 4 8 9 9 5 10 6 5 5 5 5 6 7 3 5 6 3 4 1 3 8 5 4 6 2 4 9 6 6 9 7 5 9 4 9 4 3 2 6 9 7 12 2 5 5 4 7 7 3 5 3 7 5 5 4 5 9 10 2 5 6 5 7 6 6 4 9 12 5 7 6 7 7 5 7 5 7 5 5 7

0.3 0.1

Cumulative Rewards: -80.0000 -115.0000 -40.0000 660.0000 -1000.0000 -1890.0000 35.0000 -175.0000 -150.0000 670.0000 -25.0000 650.0000 725.0000 -225.0000 -55.0000 -110.0000 245.0000 740.0000 20.0000 -5.0000 -930.0000 -100.0000 10.0000 -225.0000 -75.0000 705.0000 -120.0000 -40.0000 740.0000 -40.0000 780.0000 -130.0000 -135.0000 -465.0000 -125.0000 -95.0000 95.0000 -950.0000 -945.0000 165.0000 675.0000 -45.0000 -100.0000 -75.0000 -915.0000 -55.0000 495.0000 745.0000 -50.0000 680.0000 145.0000 5.0000 685.0000 30.0000 -90.0000 -985.0000 -985.0000 -900.0000 1395.0000 -200.0000 750.0000 670.0000 -955.0000 550.0000 25.0000 -20.0000 340.0000 -170.0000 -920.0000 5.0000 -945.0000 -70.0000 840.0000 660.0000 -985.0000 -90.0000 550.0000 795.0000 -915.0000 -35.0000 -30.0000 50.0000 -220.0000 110.0000 -165.0000 -1000.0000 -135.0000 620.0000 -135.0000 -40.0000 -50.0000 685.0000 20.0000 -45.0000 715.0000 -85.0000 -305.0000 -980.0000 0.0000 745.0000
Fires Put Out: 9 4 9 9 5 0 4 7 6 9 8 8 6 6 5 7 8 7 5 3 4 8 9 9 5 10 6 5 5 5 5 6 7 3 5 6 3 4 1 3 8 5 4 6 2 4 9 6 6 9 7 5 9 4 9 4 3 2 6 9 7 12 2 5 5 4 7 7 3 5 3 7 5 6 4 5 9 10 2 5 6 5 7 6 6 4 9 12 5 7 6 7 7 5 7 5 7 5 5 7

0.5 0.1

Cumulative Rewards: -80.0000 -115.0000 -55.0000 -95.0000 -1000.0000 -1890.0000 35.0000 -175.0000 -170.0000 690.0000 -50.0000 630.0000 725.0000 -225.0000 -55.0000 -55.0000 245.0000 740.0000 20.0000 -30.0000 -930.0000 -100.0000 525.0000 -225.0000 -75.0000 685.0000 -120.0000 -40.0000 740.0000 -40.0000 780.0000 -130.0000 -135.0000 -115.0000 -105.0000 -95.0000 675.0000 -950.0000 -945.0000 755.0000 675.0000 -5.0000 -100.0000 -75.0000 -285.0000 -55.0000 330.0000 745.0000 -50.0000 680.0000 720.0000 5.0000 625.0000 700.0000 -90.0000 -985.0000 -985.0000 -90.0000 930.0000 -140.0000 750.0000 610.0000 -955.0000 715.0000 25.0000 -20.0000 505.0000 -170.0000 -920.0000 5.0000 -945.0000 -70.0000 840.0000 -95.0000 -985.0000 -90.0000 445.0000 800.0000 -915.0000 -35.0000 -30.0000 750.0000 -220.0000 110.0000 -165.0000 -1000.0000 -135.0000 620.0000 -135.0000 515.0000 410.0000 680.0000 605.0000 -45.0000 100.0000 -85.0000 -400.0000 -980.0000 0.0000 745.0000
Fires Put Out: 9 4 8 8 5 0 4 7 6 9 9 8 6 6 5 7 8 7 5 3 4 8 10 9 5 10 6 5 5 5 5 6 7 4 5 6 6 4 1 6 8 5 4 6 6 4 8 6 6 9 8 5 11 6 9 4 3 5 4 10 7 13 2 6 5 4 9 7 3 5 3 7 5 4 4 5 11 10 2 5 6 9 7 6 6 4 9 12 5 8 10 7 8 5 6 5 8 5 5 7

0.7 0.1

Cumulative Rewards: -80.0000 -115.0000 -55.0000 655.0000 -1000.0000 -1890.0000 635.0000 -175.0000 -150.0000 705.0000 -50.0000 645.0000 760.0000 -225.0000 -55.0000 -110.0000 545.0000 725.0000 20.0000 -5.0000 -930.0000 -100.0000 560.0000 -225.0000 -75.0000 710.0000 -120.0000 -40.0000 760.0000 -40.0000 790.0000 -130.0000 -900.0000 -115.0000 -125.0000 -95.0000 695.0000 -950.0000 -945.0000 295.0000 670.0000 -45.0000 -100.0000 -75.0000 -285.0000 -55.0000 565.0000 755.0000 -50.0000 685.0000 725.0000 5.0000 635.0000 685.0000 -90.0000 -985.0000 -985.0000 -900.0000 925.0000 -200.0000 750.0000 590.0000 -955.0000 750.0000 25.0000 -20.0000 520.0000 -170.0000 -920.0000 5.0000 -945.0000 -70.0000 785.0000 655.0000 -985.0000 -90.0000 710.0000 835.0000 -915.0000 -35.0000 -30.0000 750.0000 -220.0000 110.0000 -165.0000 -1000.0000 -135.0000 515.0000 -135.0000 505.0000 355.0000 730.0000 625.0000 -45.0000 100.0000 -85.0000 -400.0000 -980.0000 0.0000 705.0000
Fires Put Out: 9 4 8 9 5 0 7 7 6 9 9 8 6 6 5 7 10 8 5 3 4 8 10 9 5 10 6 5 5 5 5 6 5 4 5 6 5 4 1 4 9 5 4 6 6 4 10 6 6 10 8 5 11 6 9 4 3 2 3 9 7 11 2 6 5 4 9 7 3 5 3 7 6 6 4 5 8 9 2 5 6 9 7 6 6 4 9 12 5 8 11 6 8 5 6 5 8 5 5 7

0.9 0.1

Cumulative Rewards: -640.0000 -115.0000 -35.0000 645.0000 -1000.0000 -1890.0000 595.0000 -175.0000 -150.0000 705.0000 710.0000 645.0000 760.0000 -225.0000 -55.0000 300.0000 545.0000 725.0000 -60.0000 -5.0000 -215.0000 -100.0000 560.0000 -225.0000 -925.0000 710.0000 -120.0000 -40.0000 760.0000 -60.0000 790.0000 -130.0000 -900.0000 -465.0000 -125.0000 -95.0000 -20.0000 -950.0000 -945.0000 295.0000 670.0000 -45.0000 -100.0000 -55.0000 -285.0000 -55.0000 565.0000 765.0000 625.0000 685.0000 725.0000 5.0000 665.0000 685.0000 -90.0000 -985.0000 -985.0000 -900.0000 925.0000 -210.0000 750.0000 590.0000 -955.0000 0.0000 620.0000 5.0000 -25.0000 -170.0000 -920.0000 5.0000 -945.0000 555.0000 785.0000 655.0000 -985.0000 -90.0000 710.0000 835.0000 -915.0000 -35.0000 585.0000 750.0000 -220.0000 110.0000 -165.0000 -1000.0000 -140.0000 515.0000 -135.0000 655.0000 -95.0000 730.0000 545.0000 -45.0000 100.0000 -60.0000 -195.0000 -980.0000 0.0000 695.0000
Fires Put Out: 7 4 8 9 5 0 8 7 6 9 9 8 6 6 5 10 10 8 5 3 7 8 10 9 3 10 6 5 5 5 5 6 5 3 5 6 3 4 1 4 9 5 4 4 6 4 10 5 7 10 8 5 10 6 9 4 3 2 3 8 7 11 2 4 5 3 7 7 3 5 3 9 6 6 4 5 8 9 2 5 11 9 7 6 6 4 9 12 5 8 6 6 9 5 6 5 7 5 5 7